111111111111111111111111111111111111111111111111111111111111111111111111111111111111111111111111111111111111111111111111111111111111111111111111111111111111111
                                                                                                                                                               
                                                                                                                                                               
                                                                              21111111111111111113                                                             
                                                                        1111114444444444444444444411111111                                                     
                                                                        4444444444444444444444444444444444                                                     
                                                                                                                                                               
                                                                                                                                                               
1111                                                        11111111111111111                                                                            111111
4444                                                        44444444444444444                                                                            444444
                                                                                                                                                               
                                                                                                     11111111111111111111113                                   
                                    211111111     111111                                             44444444444444444444444111111113                          
                               21111444444444     444444                                             4444444444444444444444444444444411111111111113            
111111111111111111111111111111144444444444444     44444411111111111111                               4444444444444444444444444444444444444444444444111111111111
444444444444444444444444444444444444444444444     444444444444444444441111111111111111111111111      4444444444444444444444444444444444444444444444444444444444
444444444444444444444444444444444444444444444     444444444444444444444444444444444444444444444      4444444444444444444444444444444444444444444444444444444444